1: ```
2: TRACE_DETAIL_START
3: ════════════════════════════════════════════════════════════════════════════════
4: callBy(深度1 路径1 #1): test_trace_simple.py:103 in <module>()
5: >>Function Code (深度1 - <module>): [起始行号: 103]
6:       1 |    103 |     lprint.trace_start(trace_depth=6, clear_log=True)
7:       2 |    104 |     
8:       3 |    105 |     # 2. 执行需要追踪的代码（调用两个主函数）
9:                        💡 变量 lprint_info=True (bool), lprint=<usualFunc.LPrint object at 0x000002A1EEA79FD0> (LPrint)
10:       4 |    106 |     result1 = main_function()  # → 第1个根调用（路径1-x-y）  # → 调用 main_function()
11:                        💡 变量 result1=55 (int)
12:       5 |    107 |     lprint("")
13:       6 |    108 |     result2 = secondary_function()  # → 第2个根调用（路径2-x-y）  # → 调用 secondary_function()
14:       7 |    109 |     
15:       8 |    110 |     # 3. 停止追踪
16:                        💡 变量 result2=tuple (result2), 1507 字符
17: (101, [1, 2, 3, 4, 5, 1, 2, 3, 4, 5, 1, 2, 3, 4, 5, 1, 2, 3, 4, 5, 1, 2, 3, 4, 5, 1, 2, 3, 4, 5, 1, 2, 3, 4, 5, 1, 2, 3, 4, 5, 1, 2, 3, 4, 5, 1, 2, 3, 4, 5, 1, 2, 3, 4, 5, 1, 2, 3, 4, 5, 1, 2, 3, 4, 5, 1, 2, 3, 4, 5, 1, 2, 3, 4, 5, 1, 2, 3, 4, 5, 1, 2, 3, 4, 5, 1, 2, 3, 4, 5, 1, 2, 3, 4, 5, 1, 2, 3, 4, 5, 1, 2, 3, 4, 5, 1, 2, 3, 4, 5, 1, 2, 3, 4, 5, 1, 2, 3, 4, 5, 1, 2, 3, 4, 5, 1, 2, 3, 4, 5, 1, 2, 3, 4, 5, 1, 2, 3, 4, 5, 1, 2, 3, 4, 5, 1, 2, 3, 4, 5, 1, 2, 3, 4, 5, 1, 2, 3, 4, 5, 1, 2, 3, 4, 5, 1, 2, 3, 4, 5, 1, 2, 3, 4, 5, 1, 2, 3, 4, 5, 1, 2, 3, 4, 5, 1, 2, 3, 4, 5, 1, 2, 3, 4, 5, 1, 2, 3, 4, 5, 1, 2, 3, 4, 5, 1, 2, 3, 4, 5, 1, 2, 3, 4, 5, 1, 2, 3, 4, 5, 1, 2, 3, 4, 5, 1, 2, 3, 4, 5, 1, 2, 3, 4, 5, 1, 2, 3, 4, 5, 1, 2, 3, 4, 5, 1, 2, 3, 4, 5, 1, 2, 3, 4, 5, 1, 2, 3, 4, 5, 1, 2, 3, 4, 5, 1, 2, 3, 4, 5, 1, 2, 3, 4, 5, 1, 2, 3, 4, 5, 1, 2, 3, 4, 5, 1, 2, 3, 4, 5, 1, 2, 3, 4, 5, 1, 2, 3, 4, 5, 1, 2, 3, 4, 5, 1, 2, 3, 4, 5, 1, 2, 3, 4, 5, 1, 2, 3, 4, 5, 1, 2, 3, 4, 5, 1, 2, 3, 4, 5, 1, 2, 3, 4, 5, 1, 2, 3, 4, 5, 1, 2, 3, 4, 5, 1, 2, 3, 4, 5, 1, 2, 3, 4, 5, 1, 2, 3, 4, 5, 1, 2, 3, 4, 5, 1, 2, 3, 4, 5, 1, 2, 3, 4, 5, 1, 2, 3, 4, 5, 1, 2, 3, 4, 5, 1, 2, 3, 4, 5, 1, 2, 3, 4, 5, 1, 2, 3, 4, 5, 1, 2, 3, 4, 5, 1, 2, 3, 4, 5, 1, 2, 3, 4, 5, 1, 2, 3, 4, 5, 1, 2, 3, 4, 5, 1, 2, 3, 4, 5, 1, 2, 3, 4, 5, 1, 2, 3, 4, 5, 1, 2, 3, 4, 5, 1, 2, 3, 4, 5, 1, 2, 3, 4, 5, 1, 2, 3, 4, 5, 1, 2, 3, 4, 5, 1, 2, 3, 4, 5, 1, 2, 3, 4, 5, 1, 2, 3, 4, 5, 1, 2, 3, 4, 5, 1, 2, 3, 4, 5, 1, 2, 3, 4, 5, 1, 2, 3, 4, 5])
18: <<<END_VAR>>>
19:       9 |    111 |     lprint.trace_stop()
20: callBy(深度1 路径1 #2): test_trace_simple.py:60 in main_function() ← :106 ⏱️[72.97ms] 🔥
21: >>Function Code (深度1 - main_function): [起始行号: 60]
22:       1 |     60 | def main_function():
23:       2 |     61 |     """主函数：手动控制追踪"""
24:       3 |     62 |     lprint("开始执行主函数")
25:       4 |     63 |     
26:       5 |     64 |     # 测试数据
27:       6 |     65 |     numbers = [1, 2, 3, 4, 5]
28:       7 |     66 |     lprint("输入数据: {}", numbers)
29:                        💡 变量 numbers=[1, 2, 3, 4, 5] (list)
30:       8 |     67 |     
